챶 1 2 3 4 5 6 7 8 9 10 11 12 R H E
홛 0 0 1 0 1 0 0 1 1 4 12 1
왍 0 0 0 2 0 1 0 2 - 5 6 0
챶 1 2 3 4 5 6 7 8 9 10 11 12 R H E
kt 2 0 0 2 0 0 0 0 0 4 9 1
SK 3 0 0 1 0 0 2 1 - 7 8 1
챶 1 2 3 4 5 6 7 8 9 10 11 12 R H E
LG 0 0 0 0 1 0 0 1 0 2 8 0
KIA 0 0 0 0 0 0 0 0 0 0 3 0
챶 1 2 3 4 5 6 7 8 9 10 11 12 R H E
庸 0 0 0 0 0 0 0 0 0 0 4 1
NC 4 2 0 1 0 0 0 0 - 7 8 2
챶 1 2 3 4 5 6 7 8 9 10 11 12 R H E
콣 0 0 3 0 2 0 1 1 0 7 14 2
온 0 0 1 0 3 0 0 0 0 4 7 3
챶 1 2 3 4 5 6 7 8 9 10 11 12 R H E
홛 2 0 0 0 0 0 4 5 0 11 9 0
왍 0 0 0 0 0 0 0 0 1 1 3 3
챶 1 2 3 4 5 6 7 8 9 10 11 12 R H E
kt 0 0 0 0 0 3 0 0 0 3 7 1
SK 0 0 2 0 0 0 0 4 - 6 9 0
챶 1 2 3 4 5 6 7 8 9 10 11 12 R H E
LG 3 4 1 0 0 0 1 0 0 9 12 1
KIA 0 0 0 0 0 3 0 0 0 3 9 3
챶 1 2 3 4 5 6 7 8 9 10 11 12 R H E
庸 0 0 0 0 1 0 2 1 0 4 5 2
NC 0 0 0 0 2 1 0 0 0 3 8 2
챶 1 2 3 4 5 6 7 8 9 10 11 12 R H E
콣 0 0 0 1 0 1 0 0 0 2 6 1
온 0 0 1 0 1 2 2 0 - 6 9 1
챶 1 2 3 4 5 6 7 8 9 10 11 12 R H E
홛 0 2 4 2 0 0 4 0 1 13 16 2
KIA 0 0 5 0 0 0 0 2 0 7 8 0
챶 1 2 3 4 5 6 7 8 9 10 11 12 R H E
kt 0 0 3 0 0 2 0 0 2 0 1 8 13 5
NC 1 2 3 0 1 0 0 0 0 0 2 9 12 2
챶 1 2 3 4 5 6 7 8 9 10 11 12 R H E
LG 0 1 3 0 0 0 0 2 0 6 5 0
SK 1 1 0 1 0 0 0 0 0 3 8 1
챶 1 2 3 4 5 6 7 8 9 10 11 12 R H E
庸 0 0 0 0 0 0 0 0 2 2 4 3
온 0 0 3 0 0 0 4 0 - 7 9 0
챶 1 2 3 4 5 6 7 8 9 10 11 12 R H E
콣 0 0 0 0 1 0 0 1 0 2 6 0
왍 0 0 0 0 0 1 6 0 - 7 7 0
챶 1 2 3 4 5 6 7 8 9 10 11 12 R H E
홛 0 0 0 2 0 1 0 0 1 4 9 0
KIA 4 0 0 0 3 1 0 1 - 9 13 1
챶 1 2 3 4 5 6 7 8 9 10 11 12 R H E
kt 0 0 0 0 0 1 0 0 0 1 8 0
NC 0 0 2 0 0 2 0 0 - 4 6 1
챶 1 2 3 4 5 6 7 8 9 10 11 12 R H E
LG 0 0 0 0 0 0 0 1 0 0 0 1 9 1
SK 0 1 0 0 0 0 0 0 0 0 1 2 5 1
챶 1 2 3 4 5 6 7 8 9 10 11 12 R H E
庸 0 0 6 1 3 1 2 10 0 23 24 0
온 1 0 2 1 0 0 0 0 0 4 8 1
챶 1 2 3 4 5 6 7 8 9 10 11 12 R H E
콣 0 0 0 0 2 0 0 0 0 0 2 6 0
왍 0 0 0 2 0 0 0 0 0 1 3 12 0
챶 1 2 3 4 5 6 7 8 9 10 11 12 R H E
홛 0 0 0 2 0 0 2 0 0 4 5 0
KIA 3 0 1 0 0 0 0 2 - 6 9 0
챶 1 2 3 4 5 6 7 8 9 10 11 12 R H E
kt 1 0 1 0 0 0 0 0 0 2 11 0
NC 0 2 0 2 0 1 0 1 - 6 9 0
챶 1 2 3 4 5 6 7 8 9 10 11 12 R H E
LG 1 0 0 0 0 0 0 0 0 1 2 0
SK 0 1 0 0 0 0 0 0 2 3 4 0
챶 1 2 3 4 5 6 7 8 9 10 11 12 R H E
庸 4 0 2 0 1 0 2 0 3 12 12 1
온 0 0 0 0 4 0 0 2 1 7 11 3
챶 1 2 3 4 5 6 7 8 9 10 11 12 R H E
콣 0 0 2 0 1 0 0 0 2 5 9 0
왍 4 0 0 0 0 0 0 0 0 4 9 0
챶 1 2 3 4 5 6 7 8 9 10 11 12 R H E
KIA 0 0 0 3 0 0 0 0 0 3 7 0
kt 0 1 0 1 3 1 0 0 - 6 15 0
챶 1 2 3 4 5 6 7 8 9 10 11 12 R H E
온 0 0 1 0 0 0 0 0 0 1 6 0
LG 0 0 0 0 0 2 0 0 - 2 6 0
챶 1 2 3 4 5 6 7 8 9 10 11 12 R H E
NC 0 0 0 0 0 0 0 0 0 0 7 1
홛 0 2 0 3 0 0 2 2 - 9 13 0
챶 1 2 3 4 5 6 7 8 9 10 11 12 R H E
왍 1 0 0 0 0 1 0 0 1 3 11 1
庸 0 0 0 0 1 1 0 0 0 2 11 1
챶 1 2 3 4 5 6 7 8 9 10 11 12 R H E
SK 0 0 0 1 1 2 1 0 0 5 10 0
콣 2 0 0 0 0 0 0 0 0 2 9 0
챶 1 2 3 4 5 6 7 8 9 10 11 12 R H E
KIA 1 0 0 0 0 0 0 1 0 2 6 1
kt 0 0 0 0 2 2 2 0 - 6 10 0
챶 1 2 3 4 5 6 7 8 9 10 11 12 R H E
온 2 1 0 2 0 2 0 0 0 7 9 1
LG 0 0 0 0 0 0 0 0 1 1 3 1
챶 1 2 3 4 5 6 7 8 9 10 11 12 R H E
NC 2 0 1 2 0 0 0 0 0 5 12 2
홛 0 0 8 5 0 0 0 0 - 13 9 0
챶 1 2 3 4 5 6 7 8 9 10 11 12 R H E
왍 0 0 0 0 1 0 0 0 3 4 5 0
庸 0 0 1 0 0 0 0 1 0 2 5 0
챶 1 2 3 4 5 6 7 8 9 10 11 12 R H E
SK 0 0 0 0 1 0 0 0 0 1 3 2
콣 0 0 0 1 0 0 2 0 - 3 7 0
챶 1 2 3 4 5 6 7 8 9 10 11 12 R H E
KIA 0 0 1 0 0 2 1 0 0 4 7 0
kt 0 0 1 1 0 0 0 0 0 2 9 2
챶 1 2 3 4 5 6 7 8 9 10 11 12 R H E
온 1 1 1 0 1 0 0 0 1 0 5 9 2
LG 1 0 0 0 0 0 0 1 3 1 6 12 0
챶 1 2 3 4 5 6 7 8 9 10 11 12 R H E
NC 3 0 0 0 0 0 0 3 0 6 8 0
홛 0 0 1 0 0 1 0 0 1 3 9 0
챶 1 2 3 4 5 6 7 8 9 10 11 12 R H E
왍 0 0 4 1 2 0 0 2 0 9 9 1
庸 0 2 0 1 1 0 0 0 0 4 10 1
챶 1 2 3 4 5 6 7 8 9 10 11 12 R H E
SK 0 0 0 0 1 0 7 0 0 8 9 0
콣 0 1 1 0 0 0 4 0 1 7 9 1
챶 1 2 3 4 5 6 7 8 9 10 11 12 R H E
KIA 1 1 2 0 0 0 0 0 0 4 7 2
庸 0 0 0 0 0 0 1 0 0 1 6 0
챶 1 2 3 4 5 6 7 8 9 10 11 12 R H E
kt 0 0 0 0 0 0 0 0 0 0 5 2
왍 3 1 0 3 0 1 0 1 - 9 10 0
챶 1 2 3 4 5 6 7 8 9 10 11 12 R H E
LG 2 0 0 0 0 0 0 0 0 2 6 1
홛 1 5 0 0 0 0 0 0 - 6 6 1
챶 1 2 3 4 5 6 7 8 9 10 11 12 R H E
온 0 0 0 2 0 1 0 0 2 5 10 0
SK 0 0 0 0 0 0 0 0 0 0 7 1
챶 1 2 3 4 5 6 7 8 9 10 11 12 R H E
콣 0 0 0 3 0 1 0 2 2 8 13 2
NC 0 1 2 0 0 1 0 2 0 6 11 1
챶 1 2 3 4 5 6 7 8 9 10 11 12 R H E
KIA 0 1 1 0 0 0 1 0 0 3 9 1
庸 0 2 0 0 2 0 0 2 - 6 3 2
챶 1 2 3 4 5 6 7 8 9 10 11 12 R H E
kt 0 0 0 0 1 0 0 0 0 1 11 0
왍 0 2 0 0 0 1 2 0 - 5 6 0
챶 1 2 3 4 5 6 7 8 9 10 11 12 R H E
LG 0 0 4 0 1 1 0 0 1 7 11 0
홛 0 0 0 0 0 0 0 0 0 0 5 2
챶 1 2 3 4 5 6 7 8 9 10 11 12 R H E
온 0 0 0 0 0 0 3 0 0 3 8 0
SK 0 0 0 0 0 0 0 0 1 1 3 0
챶 1 2 3 4 5 6 7 8 9 10 11 12 R H E
콣 0 1 0 0 0 0 0 0 0 1 8 2
NC 0 0 0 0 1 2 5 1 - 9 19 0
챶 1 2 3 4 5 6 7 8 9 10 11 12 R H E
KIA 0 0 4 2 1 0 0 0 0 7 8 0
庸 5 2 4 0 1 0 0 0 - 12 14 2
챶 1 2 3 4 5 6 7 8 9 10 11 12 R H E
kt 0 0 0 0 0 0 0 1 3 4 8 0
왍 0 0 1 0 3 0 0 1 - 5 8 2
챶 1 2 3 4 5 6 7 8 9 10 11 12 R H E
LG 0 0 0 0 0 0 0 1 0 1 5 0
홛 0 0 0 0 0 0 0 1 1 2 6 1
챶 1 2 3 4 5 6 7 8 9 10 11 12 R H E
온 0 0 4 0 0 0 2 0 0 0 0 6 12 0
SK 1 0 0 0 1 0 4 0 0 0 1 7 14 0
챶 1 2 3 4 5 6 7 8 9 10 11 12 R H E
콣 4 0 0 0 0 2 0 0 0 6 12 1
NC 1 0 0 0 0 1 0 3 0 5 6 1
챶 1 2 3 4 5 6 7 8 9 10 11 12 R H E
홛 0 0 1 1 0 0 0 0 0 2 11 2
온 0 0 2 2 0 0 0 1 - 5 12 0
챶 1 2 3 4 5 6 7 8 9 10 11 12 R H E
LG 1 1 0 0 0 1 2 2 6 13 16 1
kt 0 0 0 0 0 0 0 0 0 0 2 1
챶 1 2 3 4 5 6 7 8 9 10 11 12 R H E
NC 1 3 1 0 0 2 0 0 0 7 10 0
왍 0 0 0 0 0 0 0 3 0 3 8 0
챶 1 2 3 4 5 6 7 8 9 10 11 12 R H E
庸 0 0 0 0 0 0 0 0 0 0 8 1
SK 0 1 0 0 2 0 0 0 - 3 9 0
챶 1 2 3 4 5 6 7 8 9 10 11 12 R H E
콣 0 0 1 0 0 0 0 3 0 4 11 2
KIA 0 3 0 0 1 0 0 2 - 6 11 0
챶 1 2 3 4 5 6 7 8 9 10 11 12 R H E
홛 0 0 2 0 4 0 1 0 0 7 11 1
온 0 0 1 5 0 0 3 0 - 9 8 0
챶 1 2 3 4 5 6 7 8 9 10 11 12 R H E
LG 0 0 0 0 0 0 0 1 0 1 7 0
kt 2 0 0 0 0 0 0 0 - 2 4 0
챶 1 2 3 4 5 6 7 8 9 10 11 12 R H E
NC 1 2 0 0 0 0 0 3 0 6 9 0
왍 0 0 4 0 0 0 0 1 0 5 11 1
챶 1 2 3 4 5 6 7 8 9 10 11 12 R H E
庸 0 0 0 1 0 0 0 0 0 1 3 0
SK 0 0 0 0 0 0 0 1 1 2 8 1
챶 1 2 3 4 5 6 7 8 9 10 11 12 R H E
콣 3 0 0 0 9 2 0 0 0 14 14 0
KIA 0 0 3 0 0 0 1 0 0 4 8 1
챶 1 2 3 4 5 6 7 8 9 10 11 12 R H E
홛 0 0 16 0 0 0 0 16 19 0
온 0 1 0 0 0 0 - 1 5 1
챶 1 2 3 4 5 6 7 8 9 10 11 12 R H E
LG 2 0 1 0 0 0 0 0 0 3 5 1
kt 0 0 2 0 2 0 0 0 - 4 8 0
챶 1 2 3 4 5 6 7 8 9 10 11 12 R H E
NC 3 0 0 0 0 0 1 0 1 5 12 0
왍 0 0 0 0 1 1 0 1 0 3 8 1
챶 1 2 3 4 5 6 7 8 9 10 11 12 R H E
庸 0 1 0 1 0 0 0 0 0 2 9 1
SK 0 0 0 0 0 1 1 0 1 3 7 1
챶 1 2 3 4 5 6 7 8 9 10 11 12 R H E
kt 2 0 1 0 0 0 0 0 0 3 9 1
콣 4 0 2 0 1 0 0 0 - 7 9 1
챶 1 2 3 4 5 6 7 8 9 10 11 12 R H E
kt 0 0 0 0 0 0 0 2 0 2 8 0
콣 0 0 0 4 0 0 0 0 - 4 7 0
챶 1 2 3 4 5 6 7 8 9 10 11 12 R H E
NC 0 1 0 0 0 0 0 0 0 0 1 8 1
KIA 0 0 0 0 1 0 0 0 0 1 2 9 1
챶 1 2 3 4 5 6 7 8 9 10 11 12 R H E
왍 2 0 0 1 0 0 0 0 0 3 6 1
온 0 0 0 1 0 0 0 0 0 1 6 2
챶 1 2 3 4 5 6 7 8 9 10 11 12 R H E
SK 1 0 5 1 0 0 0 1 0 8 11 2
홛 2 0 0 1 0 0 0 0 0 3 9 2
챶 1 2 3 4 5 6 7 8 9 10 11 12 R H E
庸 0 0 0 0 0 0 5 1 0 6 6 1
LG 1 2 1 0 1 0 0 0 0 5 7 1
챶 1 2 3 4 5 6 7 8 9 10 11 12 R H E
kt 2 0 1 0 3 0 0 0 2 8 13 0
콣 0 0 0 1 0 0 0 0 0 1 5 1
챶 1 2 3 4 5 6 7 8 9 10 11 12 R H E
NC 3 0 0 0 0 0 0 0 1 4 12 0
KIA 0 0 0 2 0 0 0 0 0 2 9 0
챶 1 2 3 4 5 6 7 8 9 10 11 12 R H E
왍 2 0 0 0 0 0 3 0 0 5 11 0
온 0 0 0 0 0 1 0 0 0 1 10 0
챶 1 2 3 4 5 6 7 8 9 10 11 12 R H E
SK 0 0 1 0 0 0 0 0 0 1 8 0
홛 0 0 0 0 0 0 0 0 0 0 5 1
챶 1 2 3 4 5 6 7 8 9 10 11 12 R H E
庸 0 0 0 1 1 0 0 0 0 2 6 0
LG 0 0 1 0 1 0 3 0 - 5 10 0
챶 1 2 3 4 5 6 7 8 9 10 11 12 R H E
홛 0 3 0 0 0 0 0 0 0 3 9 0
콣 0 1 0 1 0 0 2 1 - 5 11 0
챶 1 2 3 4 5 6 7 8 9 10 11 12 R H E
KIA 0 0 0 0 0 1 1 0 1 1 0 0 4 12 0
SK 0 0 0 1 0 0 0 2 0 1 0 0 4 10 2
챶 1 2 3 4 5 6 7 8 9 10 11 12 R H E
kt 0 0 0 0 0 0 0 0 0 0 2 2
庸 0 0 0 0 0 0 2 3 - 5 8 0
챶 1 2 3 4 5 6 7 8 9 10 11 12 R H E
온 0 0 1 0 0 0 0 0 0 1 8 0
NC 0 0 1 0 0 0 0 0 1 2 6 0
챶 1 2 3 4 5 6 7 8 9 10 11 12 R H E
왍 0 0 0 0 0 0 0 0 0 0 7 0
LG 1 0 2 0 0 0 0 0 - 3 10 0
챶 1 2 3 4 5 6 7 8 9 10 11 12 R H E
홛 0 0 0 0 0 0 0 1 2 3 12 1
콣 3 2 0 0 0 0 0 0 - 5 12 0
챶 1 2 3 4 5 6 7 8 9 10 11 12 R H E
KIA 0 0 0 0 0 0 1 0 5 6 8 0
SK 1 0 0 2 1 0 0 0 0 4 8 0
챶 1 2 3 4 5 6 7 8 9 10 11 12 R H E
kt 0 0 0 0 0 5 0 0 0 5 12 2
庸 1 0 0 2 0 0 0 0 0 3 6 0
챶 1 2 3 4 5 6 7 8 9 10 11 12 R H E
온 0 0 0 3 0 0 2 0 0 5 10 1
NC 0 0 0 1 1 3 2 0 - 7 12 0
챶 1 2 3 4 5 6 7 8 9 10 11 12 R H E
왍 1 1 0 0 0 0 0 0 0 2 6 1
LG 0 1 0 0 3 0 0 1 - 5 13 1
챶 1 2 3 4 5 6 7 8 9 10 11 12 R H E
홛 1 1 0 0 0 0 0 0 0 1 3 11 0
콣 0 0 0 1 0 1 0 0 0 0 2 11 0
챶 1 2 3 4 5 6 7 8 9 10 11 12 R H E
KIA 0 0 0 0 3 0 1 0 0 4 9 0
SK 0 1 0 0 0 0 0 0 1 2 6 0
챶 1 2 3 4 5 6 7 8 9 10 11 12 R H E
kt 3 0 0 0 0 0 0 4 5 12 15 1
庸 3 0 1 0 1 0 9 0 - 14 15 1
챶 1 2 3 4 5 6 7 8 9 10 11 12 R H E
온 0 0 0 0 0 0 0 0 1 1 9 1
NC 2 0 2 0 2 2 0 0 - 8 10 1
챶 1 2 3 4 5 6 7 8 9 10 11 12 R H E
왍 1 0 0 2 3 2 0 0 0 8 13 0
LG 0 0 0 0 0 0 0 0 0 0 5 2
챶 1 2 3 4 5 6 7 8 9 10 11 12 R H E
홛 0 0 0 0 0 0 0 2 0 2 7 1
kt 0 0 0 2 0 2 0 0 - 4 5 1
챶 1 2 3 4 5 6 7 8 9 10 11 12 R H E
KIA 0 0 7 0 0 0 0 2 0 9 13 0
온 1 1 1 0 7 0 0 0 - 10 15 0
챶 1 2 3 4 5 6 7 8 9 10 11 12 R H E
LG 0 0 0 2 0 0 0 0 0 0 5 7 9 1
NC 0 0 0 0 0 0 0 2 0 0 0 2 6 0
챶 1 2 3 4 5 6 7 8 9 10 11 12 R H E
SK 0 0 0 0 0 0 2 1 0 3 8 0
왍 0 0 1 1 0 0 4 2 - 8 15 1
챶 1 2 3 4 5 6 7 8 9 10 11 12 R H E
콣 1 0 0 1 0 0 0 1 1 4 10 2
庸 0 0 0 0 0 0 0 0 0 0 5 1
챶 1 2 3 4 5 6 7 8 9 10 11 12 R H E
홛 2 2 0 0 2 0 0 1 1 8 8 0
kt 2 0 1 0 0 0 2 0 0 5 11 1
챶 1 2 3 4 5 6 7 8 9 10 11 12 R H E
KIA 1 0 2 0 0 1 0 2 0 0 6 14 0
온 2 0 0 0 2 0 0 2 0 2 8 16 0
챶 1 2 3 4 5 6 7 8 9 10 11 12 R H E
LG 0 0 0 0 0 1 1 0 0 0 0 2 4 13 1
NC 0 0 0 0 1 0 0 1 0 0 0 0 2 10 1
챶 1 2 3 4 5 6 7 8 9 10 11 12 R H E
SK 0 1 0 0 2 0 0 0 0 3 7 3
왍 5 2 0 0 0 4 1 0 - 12 12 0
챶 1 2 3 4 5 6 7 8 9 10 11 12 R H E
콣 0 1 0 3 1 0 0 0 0 5 11 1
庸 1 0 0 1 0 1 0 0 0 3 4 1
챶 1 2 3 4 5 6 7 8 9 10 11 12 R H E
홛 0 0 0 0 2 1 0 2 0 5 10 1
kt 2 3 0 0 0 0 0 1 - 6 10 0
챶 1 2 3 4 5 6 7 8 9 10 11 12 R H E
KIA 0 0 0 0 1 0 0 0 8 9 11 0
온 0 1 1 0 2 0 0 0 6 10 13 0
챶 1 2 3 4 5 6 7 8 9 10 11 12 R H E
LG 0 0 0 1 0 0 0 5 0 6 9 0
NC 1 0 0 0 0 0 0 0 0 1 8 4
챶 1 2 3 4 5 6 7 8 9 10 11 12 R H E
SK 0 0 2 0 1 0 1 0 0 4 8 0
왍 0 0 1 0 1 0 0 1 0 3 9 1
챶 1 2 3 4 5 6 7 8 9 10 11 12 R H E
콣 0 0 2 0 0 0 0 1 1 0 0 4 8 0
庸 0 2 0 0 1 0 0 1 0 0 1 5 14 2
챶 1 2 3 4 5 6 7 8 9 10 11 12 R H E
kt 1 0 1 0 0 3 0 0 1 6 10 2
온 5 0 0 0 0 0 0 0 0 5 6 0
챶 1 2 3 4 5 6 7 8 9 10 11 12 R H E
NC 0 4 0 0 2 2 0 5 1 14 21 2
SK 0 0 0 0 2 1 1 7 0 11 11 0
챶 1 2 3 4 5 6 7 8 9 10 11 12 R H E
왍 0 0 1 0 0 3 1 0 3 8 7 1
KIA 0 0 2 2 0 0 0 0 2 6 14 1
챶 1 2 3 4 5 6 7 8 9 10 11 12 R H E
庸 0 0 0 0 1 0 0 1 1 0 0 3 13 0
홛 0 1 1 0 0 0 0 0 1 0 1 4 8 0
챶 1 2 3 4 5 6 7 8 9 10 11 12 R H E
콣 3 5 0 1 0 3 1 0 0 13 15 0
LG 0 3 0 0 0 0 0 0 0 3 10 0
챶 1 2 3 4 5 6 7 8 9 10 11 12 R H E
kt 0 0 0 0 0 0 0 1 3 0 4 9 0
온 1 1 0 0 0 0 0 0 2 1 5 8 0
챶 1 2 3 4 5 6 7 8 9 10 11 12 R H E
NC 0 0 1 1 2 0 0 0 0 4 10 0
SK 0 5 0 1 0 1 1 2 - 10 15 1
챶 1 2 3 4 5 6 7 8 9 10 11 12 R H E
왍 1 0 0 2 0 2 5 0 0 10 14 0
KIA 0 0 0 0 0 1 0 0 0 1 5 0
챶 1 2 3 4 5 6 7 8 9 10 11 12 R H E
庸 4 0 0 0 0 0 0 1 0 5 12 1
홛 0 0 8 2 0 0 0 2 - 12 12 1
챶 1 2 3 4 5 6 7 8 9 10 11 12 R H E
콣 1 2 0 0 0 0 0 0 4 7 10 0
LG 0 3 0 0 0 0 0 0 0 3 8 1
챶 1 2 3 4 5 6 7 8 9 10 11 12 R H E
kt 1 0 0 0 0 1 0 0 4 6 11 0
온 0 1 0 0 0 0 1 1 0 3 7 0
챶 1 2 3 4 5 6 7 8 9 10 11 12 R H E
NC 0 0 0 0 0 1 0 0 0 1 7 0
SK 3 0 0 0 0 0 0 1 - 4 9 0
챶 1 2 3 4 5 6 7 8 9 10 11 12 R H E
왍 2 0 1 0 0 0 6 0 0 9 10 0
KIA 0 1 0 0 0 0 0 0 1 2 6 0
챶 1 2 3 4 5 6 7 8 9 10 11 12 R H E
庸 0 1 0 7 2 1 5 0 0 16 23 1
홛 0 0 0 0 0 0 0 0 0 0 0 0
챶 1 2 3 4 5 6 7 8 9 10 11 12 R H E
콣 0 0 1 0 2 0 0 0 0 3 8 2
LG 0 0 1 2 0 1 0 1 - 5 7 1
챶 1 2 3 4 5 6 7 8 9 10 11 12 R H E
KIA 0 0 0 2 0 0 0 0 0 2 3 0
LG 0 0 6 2 0 1 0 0 - 9 9 0
챶 1 2 3 4 5 6 7 8 9 10 11 12 R H E
NC 0 1 0 1 0 0 0 0 2 4 9 0
kt 0 0 0 2 1 0 0 0 0 3 8 2
챶 1 2 3 4 5 6 7 8 9 10 11 12 R H E
왍 0 0 0 4 1 2 2 0 0 9 13 0
콣 1 0 0 0 1 0 1 0 0 3 8 0
챶 1 2 3 4 5 6 7 8 9 10 11 12 R H E
KIA 0 0 0 0 0 0 1 0 2 3 6 2
LG 2 4 0 1 2 1 0 0 - 10 14 0
챶 1 2 3 4 5 6 7 8 9 10 11 12 R H E
온 1 0 0 0 2 0 0 1 0 0 0 4 12 3
홛 0 0 0 3 0 0 0 1 0 0 1 5 9 0
챶 1 2 3 4 5 6 7 8 9 10 11 12 R H E
NC 0 2 0 2 0 0 5 0 1 10 12 1
kt 1 0 1 0 0 0 0 0 0 2 6 3
챶 1 2 3 4 5 6 7 8 9 10 11 12 R H E
왍 0 0 0 1 0 2 0 0 0 3 6 0
콣 0 2 0 0 1 0 4 1 - 8 13 0
챶 1 2 3 4 5 6 7 8 9 10 11 12 R H E
SK 0 0 0 0 1 1 3 0 3 0 1 9 12 2
庸 1 1 0 3 0 0 0 0 3 0 0 8 16 0
챶 1 2 3 4 5 6 7 8 9 10 11 12 R H E
왍 0 5 0 1 0 0 0 0 0 6 11 1
콣 0 2 5 2 0 0 0 0 - 9 16 1
챶 1 2 3 4 5 6 7 8 9 10 11 12 R H E
SK 0 0 2 0 0 1 0 0 0 1 4 8 1
庸 0 1 1 0 1 0 0 0 0 0 3 12 1
챶 1 2 3 4 5 6 7 8 9 10 11 12 R H E
KIA 0 2 0 0 0 0 0 1 1 4 14 2
콣 1 2 0 0 5 0 0 0 - 8 8 0
챶 1 2 3 4 5 6 7 8 9 10 11 12 R H E
온 0 0 1 0 2 0 0 0 5 8 8 2
왍 0 3 0 3 5 0 0 0 - 11 12 2
챶 1 2 3 4 5 6 7 8 9 10 11 12 R H E
SK 0 0 0 0 0 2 0 0 0 2 6 0
kt 0 0 0 0 0 0 0 0 0 0 5 1
챶 1 2 3 4 5 6 7 8 9 10 11 12 R H E
홛 0 0 0 1 0 0 0 0 0 1 4 1
NC 0 1 1 1 0 6 6 0 - 15 22 1
챶 1 2 3 4 5 6 7 8 9 10 11 12 R H E
KIA 0 1 0 0 0 1 2 0 2 6 9 0
콣 0 0 3 0 0 1 0 0 0 4 8 2
챶 1 2 3 4 5 6 7 8 9 10 11 12 R H E
LG 0 3 0 0 3 0 0 1 1 8 12 0
庸 0 0 0 0 0 0 0 0 0 0 7 1
챶 1 2 3 4 5 6 7 8 9 10 11 12 R H E
온 0 0 0 0 0 0 0 0 0 0 5 0
왍 0 1 2 0 0 0 4 0 - 7 10 0
챶 1 2 3 4 5 6 7 8 9 10 11 12 R H E
SK 0 0 0 0 2 0 0 0 0 2 4 0
kt 0 0 0 0 0 1 0 0 0 1 8 0
챶 1 2 3 4 5 6 7 8 9 10 11 12 R H E
홛 0 0 0 1 0 0 2 1 0 4 9 1
NC 0 0 3 0 0 7 0 0 - 10 11 0
챶 1 2 3 4 5 6 7 8 9 10 11 12 R H E
KIA 0 0 0 0 5 0 0 0 0 5 14 1
콣 0 0 1 1 5 1 0 5 - 13 16 1
챶 1 2 3 4 5 6 7 8 9 10 11 12 R H E
LG 0 0 1 0 0 0 0 0 1 2 6 0
庸 0 0 0 0 0 0 1 0 0 1 6 0
챶 1 2 3 4 5 6 7 8 9 10 11 12 R H E
온 0 0 0 0 0 1 0 1 0 2 7 1
왍 2 4 0 1 0 0 1 1 - 9 10 0
챶 1 2 3 4 5 6 7 8 9 10 11 12 R H E
SK 0 0 0 0 0 0 0 1 2 3 9 0
kt 0 0 0 0 0 0 0 0 0 0 5 0
챶 1 2 3 4 5 6 7 8 9 10 11 12 R H E
kt 1 0 2 0 0 3 2 0 0 1 0 9 15 1
LG 1 7 0 0 0 0 0 0 0 1 1 10 19 1
챶 1 2 3 4 5 6 7 8 9 10 11 12 R H E
NC 0 0 0 0 0 0 0 1 0 1 4 1
온 0 1 2 0 0 2 1 0 - 6 9 0
챶 1 2 3 4 5 6 7 8 9 10 11 12 R H E
왍 0 0 0 0 0 0 0 1 0 1 7 0
홛 1 0 1 0 0 0 0 0 - 2 5 1
챶 1 2 3 4 5 6 7 8 9 10 11 12 R H E
庸 0 0 0 0 0 0 0 0 0 0 6 2
KIA 0 0 3 4 0 1 0 0 - 8 9 1
챶 1 2 3 4 5 6 7 8 9 10 11 12 R H E
콣 0 0 0 1 0 6 3 5 0 15 23 0
SK 1 0 0 0 0 4 0 0 0 5 8 0
챶 1 2 3 4 5 6 7 8 9 10 11 12 R H E
kt 1 0 0 0 1 0 0 0 0 2 6 2
LG 0 0 0 1 2 0 0 0 - 3 7 0
챶 1 2 3 4 5 6 7 8 9 10 11 12 R H E
NC 0 0 0 4 0 2 2 0 1 9 18 2
온 0 4 0 0 0 1 0 0 0 5 8 1
챶 1 2 3 4 5 6 7 8 9 10 11 12 R H E
왍 0 1 0 0 0 0 0 0 0 1 7 0
홛 2 0 0 2 0 0 0 0 - 4 5 0
챶 1 2 3 4 5 6 7 8 9 10 11 12 R H E
庸 3 1 2 1 0 0 0 1 2 10 15 0
KIA 1 0 0 0 1 0 0 0 0 2 11 1
챶 1 2 3 4 5 6 7 8 9 10 11 12 R H E
콣 0 0 0 0 0 0 0 0 0 0 6 1
SK 0 0 0 0 0 0 0 2 - 2 5 1
챶 1 2 3 4 5 6 7 8 9 10 11 12 R H E
kt 1 1 1 1 0 0 0 0 0 4 10 1
LG 0 0 3 0 1 0 0 1 - 5 15 0
챶 1 2 3 4 5 6 7 8 9 10 11 12 R H E
NC 1 0 0 0 1 1 0 3 0 0 0 1 7 12 4
온 1 1 0 0 0 0 0 2 2 0 0 0 6 6 3
챶 1 2 3 4 5 6 7 8 9 10 11 12 R H E
왍 1 0 0 0 0 0 4 0 0 5 9 1
홛 1 0 0 0 0 3 0 0 0 4 9 1
챶 1 2 3 4 5 6 7 8 9 10 11 12 R H E
庸 0 0 0 0 0 1 0 0 0 1 5 1
KIA 5 0 1 0 1 0 1 0 - 8 10 0
챶 1 2 3 4 5 6 7 8 9 10 11 12 R H E
콣 1 0 2 0 4 3 0 0 0 10 16 1
SK 2 0 0 5 0 0 0 1 0 8 12 0
챶 1 2 3 4 5 6 7 8 9 10 11 12 R H E
KIA 0 6 0 1 0 0 0 0 1 8 9 0
NC 0 2 0 0 2 0 0 0 0 4 9 1
챶 1 2 3 4 5 6 7 8 9 10 11 12 R H E
kt 0 0 0 0 0 1 0 3 1 5 8 1
홛 1 0 0 0 0 0 1 2 0 4 7 2
챶 1 2 3 4 5 6 7 8 9 10 11 12 R H E
LG 0 0 0 0 1 1 0 0 0 2 13 0
왍 0 1 0 5 0 0 0 1 - 7 15 0
챶 1 2 3 4 5 6 7 8 9 10 11 12 R H E
SK 0 0 0 0 5 0 5 1 0 11 16 3
온 0 0 3 0 0 0 1 3 0 7 15 2